Time Stamp	Battery Volts	Ramped Command 1	User Variable 1	Motor Amps 1	Motor Amps 2	Batt Amps 1	Batt Amps 2	Internal Sensor Speed RPM 1
29/11/2020 11:32:54 AM	58.9	301	916	64	63.6	14.7	13.5	1013
29/11/2020 11:32:54 AM	58.7	308	916	63.2	63.4	13.4	12.2	1035
29/11/2020 11:32:54 AM	58.5	314	916	62.8	64.3	14.3	13.5	1070
29/11/2020 11:32:54 AM	58.1	333	920	65	65.3	16.3	15.1	1120
29/11/2020 11:32:54 AM	57.9	340	932	64.3	65.4	15.2	14	1133
29/11/2020 11:32:54 AM	57.8	346	932	66.6	67.4	16.8	16.1	1147
29/11/2020 11:32:55 AM	57.6	353	932	66.7	69.7	16.9	15.7	1161
29/11/2020 11:32:55 AM	57.5	359	932	68.5	70.3	16.3	15.4	1161
29/11/2020 11:32:55 AM	57.3	358	0	71.1	74.2	18.3	18	1147
29/11/2020 11:32:55 AM	58.5	319	0	58.3	58.7	13.2	12.2	1094
29/11/2020 11:32:55 AM	59.7	280	0	47.6	46.2	9.9	9	1013
29/11/2020 11:32:55 AM	60.6	241	0	37.4	32.8	7.4	6.2	915
29/11/2020 11:32:55 AM	61.6	202	0	23.5	14.5	4.2	3.5	865
29/11/2020 11:32:56 AM	62	186	0	18.2	6.6	3.4	2.7	814
29/11/2020 11:32:56 AM	62	184	0	22.2	7.9	3.9	3	793
29/11/2020 11:32:56 AM	62	179	0	22	6.3	3.7	2.9	755
29/11/2020 11:32:56 AM	61.9	177	0	23.6	6.8	4	3.1	749
29/11/2020 11:32:56 AM	61.8	176	0	23.1	6.2	3.7	2.6	744
29/11/2020 11:32:56 AM	61.7	173	0	22.8	5.7	3.6	2.7	732
29/11/2020 11:32:56 AM	61.7	172	0	22.5	6	3.8	2.5	727
29/11/2020 11:32:56 AM	61.6	169	0	20	5.6	3.1	2.3	727
29/11/2020 11:32:57 AM	61.4	170	0	21.4	6.1	3.7	3	716
29/11/2020 11:32:57 AM	61.4	169	0	20.7	5.5	3.2	2	716
29/11/2020 11:32:57 AM	61.3	169	0	19.5	5.2	2.9	2.3	721
29/11/2020 11:32:57 AM	61.3	168	0	18.9	4	3.7	2.5	732
29/11/2020 11:32:57 AM	61.1	168	0	19.2	5.3	2.6	2	727
29/11/2020 11:32:57 AM	61.1	168	0	18.7	5.1	3.2	2.8	721
29/11/2020 11:32:57 AM	61	169	0	17.8	4.4	2.9	1.9	738
29/11/2020 11:32:57 AM	60.8	169	0	17.1	4.5	2.3	1.8	744
29/11/2020 11:32:58 AM	60.7	169	0	15.6	4	3.4	2.8	744
29/11/2020 11:32:58 AM	60.6	169	0	14.9	4.2	1.7	1.2	749
29/11/2020 11:32:58 AM	60.5	170	0	14.7	4	2.6	2.4	755
29/11/2020 11:32:58 AM	60.4	173	0	15.4	3	3.2	1.7	768
29/11/2020 11:32:58 AM	60.3	178	0	13.2	3.1	2.2	1.8	814
29/11/2020 11:32:58 AM	60	183	0	11.3	3	2.9	2.4	842
29/11/2020 11:32:58 AM	59.9	187	0	10	2.1	1.6	0.4	881
29/11/2020 11:32:59 AM	59.7	189	0	9.7	2.9	1.7	1.4	881
29/11/2020 11:32:59 AM	59.6	192	0	9.6	2.6	3	1.9	890
29/11/2020 11:32:59 AM	59.4	193	0	8.4	2.1	1.2	0.4	907
29/11/2020 11:32:59 AM	59.2	196	0	8.7	1.7	1.9	1.6	915
29/11/2020 11:32:59 AM	59.1	200	0	8.5	1.3	2.1	0.4	933
29/11/2020 11:32:59 AM	59.1	202	0	9.3	1.7	1.1	0.4	933
29/11/2020 11:32:59 AM	59	209	916	11.6	4.4	3.7	2.9	952
29/11/2020 11:32:59 AM	58.7	215	919	14.8	7.6	1.2	0.3	942
29/11/2020 11:33:00 AM	58.7	222	920	19.2	11.3	3.9	3.8	962
29/11/2020 11:33:00 AM	58.6	228	920	22	15.5	4.2	2.3	942
29/11/2020 11:33:00 AM	58.6	235	918	26.6	21.4	3.4	2.7	952
29/11/2020 11:33:00 AM	58.4	241	928	31.1	27.5	7.3	6	952
29/11/2020 11:33:00 AM	58.5	248	928	36.6	32.5	6	5.1	924
29/11/2020 11:33:00 AM	58.4	254	908	41.6	40.2	7.2	6.8	915
29/11/2020 11:33:00 AM	58.4	261	908	46.3	43.7	9.8	8.6	915
29/11/2020 11:33:00 AM	58.3	267	908	50.6	48.9	9.1	8.3	924
29/11/2020 11:33:01 AM	58.2	273	908	54.7	52.7	11.4	10.3	915
29/11/2020 11:33:01 AM	58.2	280	908	59	56.3	11.4	10.4	924
29/11/2020 11:33:01 AM	58.1	286	908	63.5	60.2	13.2	12.6	915
29/11/2020 11:33:01 AM	58	293	886	67.3	63.4	15	12.8	924
29/11/2020 11:33:01 AM	58	299	833	69.8	66	13.5	11.9	942
29/11/2020 11:33:01 AM	57.9	306	833	71.4	68.8	15.8	14.2	952
29/11/2020 11:33:01 AM	57.9	312	480	73.7	70.3	15.7	14.1	952
29/11/2020 11:33:02 AM	57.8	319	704	76.7	72.9	19.7	16.2	962
29/11/2020 11:33:02 AM	57.6	325	897	78.7	76.9	18.8	17.4	962
29/11/2020 11:33:02 AM	57.6	332	904	81.3	78.3	19.2	17.5	971
29/11/2020 11:33:02 AM	57.5	338	896	83.5	81.9	21.7	20.3	992
29/11/2020 11:33:02 AM	57.4	345	896	87.3	84	23.5	22	992
29/11/2020 11:33:02 AM	57.3	351	705	88	85.3	24.3	22.4	1002
29/11/2020 11:33:02 AM	57.2	358	716	90.8	87.8	27	26.1	1013
29/11/2020 11:33:02 AM	57.1	364	716	92.9	91.7	29.3	27.9	1035
29/11/2020 11:33:03 AM	57	371	716	93.6	91.1	29.9	29.6	1046
29/11/2020 11:33:03 AM	56.9	377	716	95.4	93.3	32.7	31.9	1058
29/11/2020 11:33:03 AM	56.8	384	716	96.4	95.5	33	33.4	1070
29/11/2020 11:33:03 AM	56.7	390	716	98.3	97.3	35.8	36.1	1094
29/11/2020 11:33:03 AM	56.7	396	716	95.2	97.3	32.2	34	1120
29/11/2020 11:33:03 AM	56.7	400	716	92.4	94.3	29.7	30.7	1161
29/11/2020 11:33:03 AM	56.8	400	716	89.3	92	31.8	30.7	1161
29/11/2020 11:33:03 AM	57	400	716	85.3	85.4	26.8	25.9	1221
29/11/2020 11:33:04 AM	57	400	716	80.5	81.4	23.8	22.2	1253
29/11/2020 11:33:04 AM	57.1	400	716	75.4	75.9	22	20.2	1287
29/11/2020 11:33:04 AM	57.3	400	716	72	70.8	19.4	17.9	1322
29/11/2020 11:33:04 AM	57.4	400	716	69	68.9	20	18.5	1322
29/11/2020 11:33:04 AM	57.5	400	716	67.2	65.8	18.7	16.7	1341
29/11/2020 11:33:04 AM	57.5	400	716	66.9	64.5	17.9	16.1	1341
29/11/2020 11:33:04 AM	57.7	400	716	64.3	62.2	18.7	16.8	1360
29/11/2020 11:33:05 AM	57.7	400	778	63.1	61.3	17.8	15.7	1360
29/11/2020 11:33:05 AM	57.7	400	778	65.1	62.2	17.8	16.4	1360
29/11/2020 11:33:05 AM	57.7	400	778	68.1	66.5	19.4	17.2	1304
29/11/2020 11:33:05 AM	57.4	400	778	75.9	77.7	22.7	20.6	1236
29/11/2020 11:33:05 AM	57.1	400	778	89	88.4	30.4	29.8	1161
29/11/2020 11:33:05 AM	56.7	400	778	98.4	97	38.2	38.2	1094
29/11/2020 11:33:05 AM	56.7	400	778	99.1	101.5	35.5	36.1	1046
29/11/2020 11:33:05 AM	56.6	400	778	99.2	90.4	31.9	31.3	1035
29/11/2020 11:33:06 AM	57.1	400	778	90.1	88.9	25	26.3	1035
29/11/2020 11:33:06 AM	56.7	400	778	92	101.4	32.9	33.3	1035
29/11/2020 11:33:06 AM	57	400	778	86.9	96.2	27.7	29.3	1035
29/11/2020 11:33:06 AM	57.3	400	778	92	88.4	30.1	29.1	1035
29/11/2020 11:33:06 AM	57.1	400	778	102.6	89	36.9	36.9	1035
29/11/2020 11:33:06 AM	56.8	400	778	102.2	95.3	36.4	36.9	1058
29/11/2020 11:33:06 AM	56.6	400	778	95.5	101.2	34	34.4	1058
29/11/2020 11:33:06 AM	56.8	400	778	96.4	98.3	37.8	37.6	1094
29/11/2020 11:33:07 AM	56.6	400	778	97.6	93.4	33.4	33.3	1147
29/11/2020 11:33:07 AM	56.8	400	524	89.3	89.4	29.8	28.9	1190
29/11/2020 11:33:07 AM	57	400	512	86	83.3	27.4	24.7	1205
29/11/2020 11:33:07 AM	57.1	400	512	81.6	79.7	22.4	21.1	1253
29/11/2020 11:33:07 AM	57.3	400	512	76.2	75.1	21.9	19.9	1287
29/11/2020 11:33:07 AM	57.4	400	512	71.8	70.2	19.5	18.3	1322
29/11/2020 11:33:07 AM	57.5	400	875	68	67.7	19.8	18.6	1341
29/11/2020 11:33:08 AM	57.6	400	875	65.5	63	18	15.8	1360
29/11/2020 11:33:08 AM	57.6	400	875	63.4	62.2	18.4	16.2	1360
29/11/2020 11:33:08 AM	57.7	400	875	62.8	60.1	18.8	16.3	1380
29/11/2020 11:33:08 AM	57.7	400	658	63.2	60.9	16.7	15.5	1380
29/11/2020 11:33:08 AM	57.7	400	658	62.7	60.8	17.7	16.4	1341
29/11/2020 11:33:08 AM	57.7	400	658	65.6	64.4	18.8	16.7	1360
29/11/2020 11:33:08 AM	58.2	400	0	72.1	71.4	19.9	18.3	1304
29/11/2020 11:33:08 AM	59.2	361	0	66.2	61.3	16.7	15.1	1221
29/11/2020 11:33:09 AM	60	322	0	54.8	44.9	13	10.7	1161
29/11/2020 11:33:09 AM	60.8	283	0	38.7	23.5	7.6	5.3	1133
29/11/2020 11:33:09 AM	61.4	254	0	22.8	8.4	5.3	3.4	1120
29/11/2020 11:33:09 AM	61.4	252	546	24.6	8.3	5.8	3.7	1094
29/11/2020 11:33:09 AM	61.2	258	539	30.4	14.2	6.6	4.3	1082
29/11/2020 11:33:09 AM	60.9	265	539	35.9	20.8	7.2	4.9	1058
29/11/2020 11:33:09 AM	60.6	271	862	39.5	26.5	8.1	5.9	1058
29/11/2020 11:33:09 AM	60.4	278	878	44.4	31.2	9.8	7.3	1058
29/11/2020 11:33:10 AM	60.1	284	895	47.9	36.4	9.9	7.8	1058
29/11/2020 11:33:10 AM	59.8	291	893	52.2	41.1	11	9.1	1046
29/11/2020 11:33:10 AM	59.6	297	893	54.6	45.2	11.9	9.4	1058
29/11/2020 11:33:10 AM	59.3	304	897	58.9	49.7	12.9	10.7	1058
29/11/2020 11:33:10 AM	59.1	310	890	60.9	53.1	14.5	12.3	1046
29/11/2020 11:33:10 AM	58.8	317	888	64.6	56.4	14	11.5	1058
29/11/2020 11:33:10 AM	58.6	323	888	66.9	60.7	15.4	13.8	1058
29/11/2020 11:33:11 AM	58.3	330	888	70.8	64.4	16.6	14.4	1058
29/11/2020 11:33:11 AM	58.1	336	888	73.1	67	17	14.9	1058
29/11/2020 11:33:11 AM	57.9	342	888	73.1	68	18.3	16.7	1082
29/11/2020 11:33:11 AM	57.8	349	888	72.1	68	17	15.5	1133
29/11/2020 11:33:11 AM	57.7	355	888	70.9	68.9	18.2	16.5	1147
29/11/2020 11:33:11 AM	57.6	362	886	70.2	69.3	19	17.1	1175
29/11/2020 11:33:11 AM	57.6	368	886	69	68	17.4	15.7	1205
29/11/2020 11:33:11 AM	57.5	375	886	67.9	68.7	19	17.6	1236
29/11/2020 11:33:12 AM	57.4	381	886	68.2	67.6	18.2	16.1	1269
29/11/2020 11:33:12 AM	57.4	388	886	68.9	67.8	17.9	16.6	1287
29/11/2020 11:33:12 AM	57.3	394	888	67.6	68.4	20	18.1	1322
29/11/2020 11:33:12 AM	57.3	400	888	67.9	67.5	18.2	16.4	1341
29/11/2020 11:33:12 AM	57.3	400	888	67.4	68.2	18.8	17.4	1341
29/11/2020 11:33:12 AM	57.4	400	888	68	66.8	19.7	17.6	1322
29/11/2020 11:33:12 AM	57.1	400	888	71.7	72.4	19.9	18.5	1287
29/11/2020 11:33:12 AM	56.9	400	888	76.1	81	25	23.3	1205
29/11/2020 11:33:13 AM	56.5	400	888	86.1	91.9	29.7	29.9	1147
29/11/2020 11:33:13 AM	56.3	400	888	96.6	99.7	37.1	38.2	1082
29/11/2020 11:33:13 AM	56.4	400	888	100.4	102.8	40.9	41	1035
29/11/2020 11:33:13 AM	56.3	400	888	95.7	101.7	34.3	33.7	1024
29/11/2020 11:33:13 AM	56.8	400	888	89.4	97.6	32.9	32.8	1002
29/11/2020 11:33:13 AM	56.8	400	888	93.3	92.9	33.4	31.6	992
29/11/2020 11:33:13 AM	56.9	400	888	93.8	88.4	33.1	32	1002
29/11/2020 11:33:13 AM	57	400	888	96.6	84	32.7	31.4	992
29/11/2020 11:33:14 AM	57.2	400	888	96.4	80.9	31.1	29.3	1024
29/11/2020 11:33:14 AM	57.2	400	888	102.4	80	33.2	31.8	1024
29/11/2020 11:33:14 AM	57.1	400	868	103.4	82	35.5	33.5	1035
29/11/2020 11:33:14 AM	56.8	400	868	102.2	93.8	36.7	37.1	1046
29/11/2020 11:33:14 AM	56.4	400	860	95.1	101.8	34.5	35.5	1058
29/11/2020 11:33:14 AM	56.6	400	860	95.2	98.2	35.3	34.2	1107
29/11/2020 11:33:14 AM	56.6	400	860	93.2	92.7	32.1	31.9	1133
29/11/2020 11:33:15 AM	56.8	400	860	89.7	87.2	29.8	28.8	1161
29/11/2020 11:33:15 AM	56.9	400	864	84.6	83.9	25.7	23.8	1221
29/11/2020 11:33:15 AM	57	400	864	81.2	80.3	25.1	23.1	1253
29/11/2020 11:33:15 AM	57.1	400	864	75.7	75.3	23.4	21.1	1269
29/11/2020 11:33:15 AM	57.2	400	864	72.6	72.2	20.3	19.1	1304
29/11/2020 11:33:15 AM	57.3	400	864	70.5	69.4	20.7	19	1322
29/11/2020 11:33:15 AM	57.4	400	864	66.5	64.7	18.5	16.6	1360
29/11/2020 11:33:15 AM	57.5	400	864	62.8	59.3	18.1	15.8	1360
29/11/2020 11:33:16 AM	57.9	400	864	62.6	46.6	17.8	12.9	1380
29/11/2020 11:33:16 AM	57.4	398	0	63.1	61.9	17.5	15.9	1360
29/11/2020 11:33:16 AM	58.3	359	0	53.3	50.6	14	12.7	1304
29/11/2020 11:33:16 AM	59.6	320	0	40.7	36.7	9.9	8.5	1221
29/11/2020 11:33:16 AM	60.6	281	0	30.5	22.4	6.8	5.3	1175
29/11/2020 11:33:16 AM	61.3	244	0	18.4	9.6	4.5	3.6	1107
29/11/2020 11:33:16 AM	61.4	235	0	16.6	8.2	3.9	2.9	1070
29/11/2020 11:33:16 AM	61.5	228	0	17.9	7.1	4.2	2.8	1024
29/11/2020 11:33:17 AM	61.5	222	0	18.4	7.1	4.1	2.9	1013
29/11/2020 11:33:17 AM	61.5	225	880	23	10.5	4.9	3.5	971
29/11/2020 11:33:17 AM	61.2	232	897	28.5	15.7	5.9	4.3	971
29/11/2020 11:33:17 AM	61	238	902	34.2	23.2	6.2	5	952
29/11/2020 11:33:17 AM	60.7	245	902	39.3	30	8	6.5	933
29/11/2020 11:33:17 AM	60.5	251	905	45.1	35	8.6	7.1	915
29/11/2020 11:33:17 AM	60.2	258	905	49.3	40.9	9.5	7.9	924
29/11/2020 11:33:18 AM	60	264	903	53.4	45.3	11.1	9.7	915
29/11/2020 11:33:18 AM	59.7	271	904	58	50.4	11	8.9	915
29/11/2020 11:33:18 AM	59.5	277	904	61.3	55.5	12.1	10.4	924
29/11/2020 11:33:18 AM	59.2	284	900	65.5	60.3	13.1	10.9	915
29/11/2020 11:33:18 AM	59	290	902	70.1	64.2	13.8	12.2	898
29/11/2020 11:33:18 AM	58.8	297	898	72.6	67.7	15.4	13.8	915
29/11/2020 11:33:18 AM	58.6	303	900	74.8	70.1	16	13.5	924
29/11/2020 11:33:18 AM	58.4	309	905	77	73.8	16.4	15.3	924
29/11/2020 11:33:19 AM	58.2	316	905	80	75.9	18.2	16.5	933
29/11/2020 11:33:19 AM	57.9	322	905	81.8	78.1	19.7	17.5	952
29/11/2020 11:33:19 AM	57.8	329	905	81.8	79	17.2	17.1	971
29/11/2020 11:33:19 AM	57.6	335	903	81	79.8	20.6	18.7	1013
29/11/2020 11:33:19 AM	57.4	342	905	80	78.6	19.9	18.2	1035
29/11/2020 11:33:19 AM	57.3	348	913	76.7	77.5	20.5	18.7	1082
29/11/2020 11:33:19 AM	57.1	355	917	74.6	76	18.5	16.3	1120
29/11/2020 11:33:19 AM	57.2	361	898	71.1	72.3	17.5	15.4	1161
29/11/2020 11:33:20 AM	57.1	368	898	69.3	71.4	18.4	16.7	1190
29/11/2020 11:33:20 AM	57.1	374	898	69.3	70.7	17.5	15.9	1205
29/11/2020 11:33:20 AM	57	381	899	69.5	72.2	19.2	17.3	1236
29/11/2020 11:33:20 AM	57	387	899	70.5	71.8	19.2	17.6	1236
29/11/2020 11:33:20 AM	56.9	394	899	70.7	71.6	19.3	17.4	1287
29/11/2020 11:33:20 AM	56.9	400	899	71.7	72.4	20.6	19.4	1287
29/11/2020 11:33:20 AM	56.9	400	899	71.1	71.9	19.9	18.1	1287
29/11/2020 11:33:21 AM	56.7	400	899	73.4	75.6	22	20.8	1253
29/11/2020 11:33:21 AM	56.5	400	899	78.9	82.9	25.9	24.4	1205
29/11/2020 11:33:21 AM	56.2	400	899	83.6	91.3	28	27.9	1175
29/11/2020 11:33:21 AM	55.8	400	899	93.2	99.6	36.6	37.6	1094
29/11/2020 11:33:21 AM	55.7	400	899	100.1	99.1	36.9	37.2	1013
29/11/2020 11:33:21 AM	56.2	400	899	97.3	88.8	31.3	31.8	962
29/11/2020 11:33:21 AM	56.7	400	899	83.5	88.3	24.7	26.9	933
29/11/2020 11:33:21 AM	56.4	400	899	92.4	89.3	26.8	28	933
29/11/2020 11:33:22 AM	56.3	400	899	98.3	88.8	30.3	32.6	933
29/11/2020 11:33:22 AM	56.4	400	899	101	86.2	31.4	32.6	924
29/11/2020 11:33:22 AM	56.5	400	899	102.2	79.4	30.6	30.2	933
29/11/2020 11:33:22 AM	56.6	400	899	103.7	77.2	33.5	34.8	942
29/11/2020 11:33:22 AM	56.7	400	738	104.4	75	24.8	24.2	962
29/11/2020 11:33:22 AM	56.7	400	738	106	74.6	33.8	30.5	962
29/11/2020 11:33:22 AM	56.8	400	738	106.2	73.6	32.4	30.5	981
29/11/2020 11:33:22 AM	56.8	400	738	106.2	76.1	32.5	31	981
29/11/2020 11:33:23 AM	56.8	400	738	104.9	77.7	32.8	32.5	1002
29/11/2020 11:33:23 AM	56.6	400	738	101.9	82.2	32.8	33.2	1024
29/11/2020 11:33:23 AM	56.6	400	738	95.3	87.2	29.8	31.1	1035
29/11/2020 11:33:23 AM	56.4	400	738	92.6	96.8	32.9	33.5	1070
29/11/2020 11:33:23 AM	56.3	400	873	96.2	97.3	32.6	33.4	1107
29/11/2020 11:33:23 AM	56.3	400	873	92.4	91.1	31.3	30	1147
29/11/2020 11:33:23 AM	56.5	400	873	84.5	85.2	27.1	24.6	1221
29/11/2020 11:33:24 AM	56.7	400	873	74.2	75.3	20.9	18.7	1269
29/11/2020 11:33:24 AM	56.9	400	873	68.9	69.8	19.9	18.3	1322
29/11/2020 11:33:24 AM	57	400	873	66.1	64.1	18.9	16.1	1341
29/11/2020 11:33:24 AM	57.2	400	873	62.1	59.6	18.2	16.3	1360
29/11/2020 11:33:24 AM	57.2	400	873	61.3	58.7	18	16.1	1380
29/11/2020 11:33:24 AM	57.3	400	873	61.8	57	17.1	15	1400
29/11/2020 11:33:24 AM	57.3	400	873	60.8	57.8	16.9	15.8	1360
29/11/2020 11:33:24 AM	57.6	379	0	56.5	53.6	15.2	13.2	1360
29/11/2020 11:33:25 AM	58.9	340	0	48	44.1	12.1	10.6	1253
29/11/2020 11:33:25 AM	60	301	0	36.9	31.5	9	7.5	1190
29/11/2020 11:33:25 AM	60.8	262	0	27.4	18.7	6	4.4	1120
29/11/2020 11:33:25 AM	61.3	235	282	16.3	8.2	3.9	3.6	1058
29/11/2020 11:33:25 AM	61.1	242	282	24.5	13.6	5.3	3.7	1035
29/11/2020 11:33:25 AM	60.9	248	282	30.5	20.3	6.2	4.6	1002
29/11/2020 11:33:25 AM	60.7	255	884	38.3	27.7	7.8	6.1	992
29/11/2020 11:33:25 AM	60.5	261	884	43.3	34.2	8.7	7	971
29/11/2020 11:33:26 AM	60.3	268	884	48.4	40	9.8	8.4	981
29/11/2020 11:33:26 AM	60	274	884	52.3	44.8	11.1	9.2	971
29/11/2020 11:33:26 AM	59.8	281	884	56.4	49.3	12	10.1	971
29/11/2020 11:33:26 AM	59.6	287	884	60.3	54.7	13.2	11.7	962
29/11/2020 11:33:26 AM	59.3	294	900	65.6	59.1	12.8	11.8	952
29/11/2020 11:33:26 AM	59.1	300	900	67.9	62.9	14.8	12.6	962
29/11/2020 11:33:26 AM	58.8	307	900	70.8	67.7	15.9	14.7	952
29/11/2020 11:33:27 AM	58.7	313	902	72.7	69.3	16.1	14.3	971
29/11/2020 11:33:27 AM	58.4	319	891	75.5	72.6	16.9	15.6	971
29/11/2020 11:33:27 AM	58.2	326	906	76.3	75.5	17.6	16	992
29/11/2020 11:33:27 AM	58.1	332	898	79	76.9	18.7	16.7	992
29/11/2020 11:33:27 AM	57.8	339	898	81	80.3	21	19.7	1002
29/11/2020 11:33:27 AM	57.6	345	898	82.7	82.8	21.9	20.5	1013
29/11/2020 11:33:27 AM	57.3	352	900	84.8	86.2	23.6	22.6	1024
29/11/2020 11:33:27 AM	57.1	358	900	87	88.2	26.5	24.3	1035
29/11/2020 11:33:28 AM	56.9	365	897	88.1	89.8	26.6	25	1046
29/11/2020 11:33:28 AM	56.8	371	892	89.9	90.2	29	27.8	1058
29/11/2020 11:33:28 AM	56.7	378	892	89.7	89.7	28.3	26.9	1094
29/11/2020 11:33:28 AM	56.6	384	897	86.1	88.4	25.7	25.6	1133
29/11/2020 11:33:28 AM	56.5	391	903	82.7	85.5	26.5	25	1175
29/11/2020 11:33:28 AM	56.5	397	903	80.9	84.3	24.1	22.3	1221
29/11/2020 11:33:28 AM	56.6	400	896	77.4	78.8	23.4	21.8	1253
29/11/2020 11:33:28 AM	56.7	400	896	73.6	74.9	21.6	20.1	1287
29/11/2020 11:33:29 AM	56.8	400	896	70.1	71.5	19	17.9	1287
29/11/2020 11:33:29 AM	56.9	400	896	69.2	69	19.2	17.7	1322
29/11/2020 11:33:29 AM	57	400	896	66.2	64.9	17.9	15.8	1322
29/11/2020 11:33:29 AM	57.1	400	896	64.7	63.1	18.2	16.9	1322
29/11/2020 11:33:29 AM	57.1	400	896	64.6	63.2	18.4	16.6	1341
29/11/2020 11:33:29 AM	57.1	400	896	65.8	64.9	18.7	16.9	1322
29/11/2020 11:33:29 AM	57	400	896	70.4	72.4	20.6	18.9	1269
29/11/2020 11:33:30 AM	56.6	400	896	79	83.2	24.7	23.1	1205
29/11/2020 11:33:30 AM	56.3	400	896	89.9	95.6	32.2	33	1120
29/11/2020 11:33:30 AM	56	400	896	99.6	100	38.8	39.5	1035
29/11/2020 11:33:30 AM	56.3	400	896	100.2	87.9	29.9	28.6	962
29/11/2020 11:33:30 AM	57.2	377	0	86.8	80.8	21	21.7	952
29/11/2020 11:33:30 AM	57.6	338	0	94.2	86.9	24.5	23.9	933
29/11/2020 11:33:30 AM	58.9	299	0	76.4	64.4	15.5	13.1	915
29/11/2020 11:33:30 AM	60.1	260	0	55.6	39.6	10.3	7.8	907
29/11/2020 11:33:31 AM	60.9	221	0	34.2	14.2	5.7	3.5	890
29/11/2020 11:33:31 AM	61.2	210	0	26.2	5.9	4.5	2.5	865
29/11/2020 11:33:31 AM	61.3	204	0	25.4	6.6	4.4	2.7	858
29/11/2020 11:33:31 AM	61.4	202	0	26.2	5.8	4.8	2.8	842
29/11/2020 11:33:31 AM	61.4	198	0	26.2	6.5	4.4	2.8	828
29/11/2020 11:33:31 AM	61.5	196	0	25.3	6.5	4.5	2.8	821
29/11/2020 11:33:31 AM	61.5	194	0	22.2	6.4	4	2.7	842
29/11/2020 11:33:31 AM	61.5	195	0	20	6.6	3.8	2.7	865
29/11/2020 11:33:32 AM	61.6	194	0	16.4	5.9	3.3	2.5	898
29/11/2020 11:33:32 AM	61.6	200	935	17.1	8.4	3.6	2.7	915
29/11/2020 11:33:32 AM	61.5	207	935	22	13.4	4.3	3.3	907
29/11/2020 11:33:32 AM	61.4	213	935	25.9	18.5	4.9	3.7	907
29/11/2020 11:33:32 AM	61.3	220	935	30.2	22.9	5.6	4.4	907
29/11/2020 11:33:32 AM	61.2	226	935	32.9	29.3	6.3	5.4	898
29/11/2020 11:33:32 AM	61.1	233	935	35.9	32.3	6.8	6	915
29/11/2020 11:33:33 AM	61	239	935	39.3	36.3	7.6	6.9	933
29/11/2020 11:33:33 AM	60.9	246	936	41	38.5	8.1	7.2	933
29/11/2020 11:33:33 AM	60.7	252	936	45.2	44	9.6	8.8	942
29/11/2020 11:33:33 AM	60.5	259	930	48.1	47	9.7	8.8	942
29/11/2020 11:33:33 AM	60.3	265	930	52.7	53.3	10.6	9.8	933
29/11/2020 11:33:33 AM	60.1	272	922	56.5	59	11.7	11.4	942
29/11/2020 11:33:33 AM	59.8	278	926	60.4	64.4	12.4	11.7	933
29/11/2020 11:33:33 AM	59.5	284	926	65.5	72.8	13.7	13.4	933
29/11/2020 11:33:34 AM	59.4	291	922	69.3	77.8	15.3	15.2	915
29/11/2020 11:33:34 AM	59.1	297	925	73.6	82.6	16.4	15.8	907
29/11/2020 11:33:34 AM	58.9	304	925	78.7	88.1	19.2	18.9	898
29/11/2020 11:33:34 AM	58.7	310	925	84.4	94	21.9	20.9	898
29/11/2020 11:33:34 AM	58.4	317	925	89.2	98.6	26.5	25.5	890
29/11/2020 11:33:34 AM	58.3	323	805	92.2	99.7	29.1	29.1	890
29/11/2020 11:33:34 AM	58.1	330	805	95.4	96.9	27.1	27.3	898
29/11/2020 11:33:34 AM	58.2	336	378	97.3	95	30.6	31.3	898
29/11/2020 11:33:35 AM	57.7	343	378	98.3	103.1	33.1	33.3	907
29/11/2020 11:33:35 AM	57.6	344	173	99.3	92.9	27.1	26.1	915
29/11/2020 11:33:35 AM	58.9	305	0	79.9	83	18.2	17.7	924
29/11/2020 11:33:35 AM	60.1	266	0	58.1	55.4	11.5	10.8	915
29/11/2020 11:33:35 AM	60.9	227	0	38.2	29.3	6.7	5.1	898
29/11/2020 11:33:35 AM	61.6	196	0	19.2	7.9	3.8	2.9	865
29/11/2020 11:33:35 AM	61.6	191	0	18.9	6.7	3.5	2.7	842
29/11/2020 11:33:36 AM	61.7	186	0	17.9	6.6	3.4	2.6	828
29/11/2020 11:33:36 AM	61.7	184	0	18.1	7	3.4	2.8	814
29/11/2020 11:33:36 AM	61.7	188	305	22.3	10.3	3.9	2.9	807
29/11/2020 11:33:36 AM	61.5	194	305	28	17.6	4.9	3.6	793
29/11/2020 11:33:36 AM	61.3	201	305	33	23	5.4	4.1	787
29/11/2020 11:33:36 AM	61	207	280	37.5	30.9	6.5	5.5	774
29/11/2020 11:33:36 AM	60.8	214	280	43.1	35.7	7.6	6.3	774
29/11/2020 11:33:36 AM	60.6	220	223	48.9	42.5	8.1	7	768
29/11/2020 11:33:37 AM	60.8	223	223	51.5	47.2	9	8.1	761
29/11/2020 11:33:37 AM	60.8	223	223	52.2	48.2	9	7.9	755
29/11/2020 11:33:37 AM	61.4	190	180	34.8	25.3	5.3	4.2	749
29/11/2020 11:33:37 AM	61.9	166	0	18	6.3	3.2	2.8	732
29/11/2020 11:33:37 AM	61.9	166	0	18.2	6.6	3.2	2.7	727
29/11/2020 11:33:37 AM	61.9	163	0	17.4	6.6	3.1	2.8	721
29/11/2020 11:33:37 AM	62	165	213	19.1	8.4	3.4	2.8	716
29/11/2020 11:33:37 AM	61.8	172	213	24.6	14.9	4	3	705
29/11/2020 11:33:38 AM	61.6	178	278	30.2	21.5	4.9	4	700
29/11/2020 11:33:38 AM	61.4	185	278	35	27.5	5.3	4.4	705
29/11/2020 11:33:38 AM	61.2	191	278	38.6	32.9	6.1	5.2	710
29/11/2020 11:33:38 AM	61	198	278	40.7	37.5	7	5.9	727
29/11/2020 11:33:38 AM	60.7	204	278	43.2	41.6	6.8	6.2	744
29/11/2020 11:33:38 AM	60.6	211	278	45.5	45.3	7.8	7.4	755
29/11/2020 11:33:38 AM	60.4	217	278	46.2	45.2	8	7.2	768
29/11/2020 11:33:38 AM	60.1	224	278	48.5	49.8	8.2	7.7	780
29/11/2020 11:33:39 AM	59.8	230	278	53.9	57.1	10.1	9.5	761
29/11/2020 11:33:39 AM	59.5	236	278	59.5	66.4	10.2	9.9	744
29/11/2020 11:33:39 AM	59.1	243	278	65.4	75.5	11.7	12.1	727
29/11/2020 11:33:39 AM	58.7	249	278	72.8	84.6	15.5	14	710
29/11/2020 11:33:39 AM	58.4	256	278	79.8	95.2	18.4	17.5	685
29/11/2020 11:33:39 AM	58.1	262	278	86.7	100.4	21.8	21.3	675
29/11/2020 11:33:39 AM	57.8	269	278	92.5	96.3	21.1	19.5	666
29/11/2020 11:33:40 AM	57.9	275	278	99.7	81.8	21.3	19	647
29/11/2020 11:33:40 AM	57.9	278	278	97.7	76.1	21.1	18.1	639
29/11/2020 11:33:40 AM	58.1	278	278	101.7	72.8	21.2	18.5	618
29/11/2020 11:33:40 AM	57.9	278	0	102.4	72.4	20.6	18	610
29/11/2020 11:33:40 AM	58.2	241	0	88.9	74.2	16.2	12.6	602
29/11/2020 11:33:40 AM	58.5	202	0	64.8	78.7	10.1	10.3	566
29/11/2020 11:33:40 AM	59.1	163	0	42.2	47.3	6.1	6	538
29/11/2020 11:33:40 AM	59.4	124	0	19.9	17.5	1	1.4	490
29/11/2020 11:33:41 AM	60	100	0	5.2	1.5	0.6	1.3	449
29/11/2020 11:33:41 AM	59.8	91	0	4.4	0.7	1.8	1.6	408
29/11/2020 11:33:41 AM	59.5	83	0	3.8	0.8	-0.5	0.3	374
29/11/2020 11:33:41 AM	59.5	76	0	3.5	0.3	1.5	2	346
29/11/2020 11:33:41 AM	59.4	68	0	2.7	0.4	0.3	0	310
29/11/2020 11:33:41 AM	59.3	63	0	2.6	-0.3	-0.6	-0.1	280
29/11/2020 11:33:41 AM	59.2	56	0	2.1	0.1	2.7	2.8	254
29/11/2020 11:33:41 AM	59.5	50	0	1.8	-0.3	-0.3	-0.4	227
29/11/2020 11:33:42 AM	59.6	44	0	1.5	-0.9	0.4	0.8	200
29/11/2020 11:33:42 AM	60.2	38	0	1.3	-0.5	2.6	1.6	171
29/11/2020 11:33:42 AM	60.8	32	0	1.2	-0.8	-0.1	0.3	141
29/11/2020 11:33:42 AM	61.3	3	0	-12.4	-20.4	1.1	1.3	103
29/11/2020 11:33:42 AM	61.7	0	0	-13.9	-23.2	0	0.1	64
29/11/2020 11:33:42 AM	62.1	0	0	-6	-10.3	-0.3	-0.1	29
29/11/2020 11:33:42 AM	62.2	0	0	0.4	0	-0.2	-0.1	29
29/11/2020 11:33:43 AM	62.3	0	0	0.3	-0.1	-0.2	-0.1	0
29/11/2020 11:33:43 AM	62.3	0	0	0.2	-0.1	-0.3	0	0
29/11/2020 11:33:43 AM	62.3	0	0	-0.1	-0.1	-0.2	0	0
29/11/2020 11:33:43 AM	62.4	0	0	-0.2	0.1	-0.2	0	0
29/11/2020 11:33:43 AM	62.3	0	0	-0.2	0	-0.2	0	0
29/11/2020 11:33:43 AM	62.4	0	0	-0.1	0	-0.2	0	0
29/11/2020 11:33:43 AM	62.4	0	0	0	0	-0.1	-0.1	0
29/11/2020 11:33:43 AM	62.4	0	0	0	0	-0.1	-0.1	0
29/11/2020 11:33:44 AM	62.4	0	0	0	0	-0.1	-0.1	0
29/11/2020 11:33:44 AM	62.5	0	0	0	0	-0.1	-0.1	0
29/11/2020 11:33:44 AM	62.5	0	0	0	0.1	-0.1	-0.1	0
29/11/2020 11:33:44 AM	62.5	0	0	0	0	-0.1	-0.1	0
29/11/2020 11:33:44 AM	62.5	0	0	0	0	-0.1	-0.1	0
29/11/2020 11:33:44 AM	62.5	0	0	0	0.1	-0.1	-0.1	0
29/11/2020 11:33:44 AM	62.5	0	0	0	0.1	-0.1	-0.1	0
29/11/2020 11:33:44 AM	62.6	0	0	0	0.1	-0.1	-0.1	0
29/11/2020 11:33:45 AM	62.5	0	0	0	0.1	-0.1	-0.1	0
29/11/2020 11:33:45 AM	62.6	0	0	0	0	-0.1	-0.1	0
29/11/2020 11:33:45 AM	62.6	0	0	0	0	-0.1	-0.1	-10
29/11/2020 11:33:45 AM	62.6	0	0	0	0	-0.1	-0.1	0
29/11/2020 11:33:45 AM	62.6	0	0	0	0	-0.1	-0.1	0
29/11/2020 11:33:45 AM	62.6	0	0	0.1	0.3	-0.1	-0.1	0
29/11/2020 11:33:45 AM	62.6	0	0	0	0.1	-0.1	-0.1	0
29/11/2020 11:33:46 AM	62.7	0	0	-0.1	0	-0.1	-0.1	0
29/11/2020 11:33:46 AM	62.7	0	0	-0.1	0.1	-0.1	-0.1	0
29/11/2020 11:33:46 AM	62.7	0	0	-0.1	0	-0.1	-0.1	0
29/11/2020 11:33:46 AM	62.7	0	0	-0.1	-0.1	-0.1	-0.1	0
29/11/2020 11:33:46 AM	62.7	0	0	-0.1	0	-0.2	-0.1	0
29/11/2020 11:33:46 AM	62.7	0	0	0	0	-0.1	0	0
29/11/2020 11:33:46 AM	62.7	0	0	0	-0.1	-0.1	0	0
29/11/2020 11:33:46 AM	62.7	0	0	0	0	-0.1	0	0
29/11/2020 11:33:47 AM	62.7	0	0	0	0	-0.2	0	0
29/11/2020 11:33:47 AM	62.7	0	0	0	0	-0.1	0	0
29/11/2020 11:33:47 AM	62.7	0	0	0	0	-0.1	0	0
29/11/2020 11:33:47 AM	62.7	0	0	0	-0.1	-0.2	0	0
29/11/2020 11:33:47 AM	62.8	0	0	0	0	-0.2	0	0
29/11/2020 11:33:47 AM	62.8	0	0	0	0	-0.1	0	0
29/11/2020 11:33:47 AM	62.8	0	0	0	0	-0.1	0	0
29/11/2020 11:33:47 AM	62.8	0	0	0	-0.1	-0.1	0	0
29/11/2020 11:33:48 AM	62.8	0	0	0	0	-0.1	0	-6
29/11/2020 11:33:48 AM	62.8	0	0	0	-0.1	-0.2	0	-7
29/11/2020 11:33:48 AM	62.8	0	0	0.1	-0.1	-0.1	0	-7
29/11/2020 11:33:48 AM	62.8	0	0	0	-0.1	-0.2	0	0
29/11/2020 11:33:48 AM	62.8	0	0	-0.2	-0.1	-0.1	0	0
29/11/2020 11:33:48 AM	62.8	0	0	-0.1	0	-0.2	0	0
29/11/2020 11:33:48 AM	62.8	0	0	-0.2	-0.1	-0.1	0	0
29/11/2020 11:33:49 AM	62.8	0	0	-0.2	-0.1	-0.1	0	0
29/11/2020 11:33:49 AM	62.8	0	0	-0.2	-0.1	-0.1	0	0
29/11/2020 11:33:49 AM	62.8	0	0	0	0	-0.2	0	0
29/11/2020 11:33:49 AM	62.8	0	0	-0.1	0	-0.1	0	0
29/11/2020 11:33:49 AM	62.8	0	0	0	0	-0.2	0	0
29/11/2020 11:33:49 AM	62.9	0	0	0	0	-0.1	0	0
29/11/2020 11:33:49 AM	62.8	0	0	0	0	-0.1	-0.1	0
29/11/2020 11:33:49 AM	62.9	0	0	-0.1	-0.1	-0.2	0	0
29/11/2020 11:33:50 AM	62.9	0	0	0	-0.1	-0.1	0	0
29/11/2020 11:33:50 AM	62.8	0	0	-0.1	-0.2	-0.2	0	0
29/11/2020 11:33:50 AM	62.9	0	0	0	0	-0.2	0	0
29/11/2020 11:33:50 AM	62.9	0	0	0	0.2	-0.2	0	0
29/11/2020 11:33:50 AM	62.9	0	0	-0.1	-0.2	-0.1	0	0
29/11/2020 11:33:50 AM	62.9	0	0	0	-0.1	-0.1	0	0
29/11/2020 11:33:50 AM	62.9	0	0	0	0.1	-0.2	0	-9
29/11/2020 11:33:50 AM	62.9	0	0	-0.4	-0.1	-0.2	0	-9
29/11/2020 11:33:51 AM	62.9	0	0	-0.3	-0.1	-0.2	0	0
29/11/2020 11:33:51 AM	62.9	0	0	-0.2	0	-0.1	0	0
29/11/2020 11:33:51 AM	62.9	0	0	-0.4	-0.1	-0.2	0	0
29/11/2020 11:33:51 AM	62.9	0	0	-0.3	-0.1	-0.2	0	0
29/11/2020 11:33:51 AM	62.9	0	0	-0.1	-0.1	-0.2	0	0
29/11/2020 11:33:51 AM	62.9	0	0	-0.2	-0.1	-0.1	0	0
29/11/2020 11:33:51 AM	62.9	0	0	-0.2	-0.1	-0.2	0	0
29/11/2020 11:33:52 AM	62.9	0	0	-0.2	-0.1	-0.1	0	0
29/11/2020 11:33:52 AM	62.9	0	0	-0.2	-0.1	-0.2	0	0
29/11/2020 11:33:52 AM	63	0	0	-0.2	-0.1	-0.1	0	0
29/11/2020 11:33:52 AM	63	0	0	-0.2	-0.1	-0.1	0	0
29/11/2020 11:33:52 AM	63	0	0	0	-0.2	-0.1	0	0
29/11/2020 11:33:52 AM	63	0	0	0	-0.1	-0.2	0	0
29/11/2020 11:33:52 AM	63	0	0	0	-0.1	-0.2	0	0
29/11/2020 11:33:52 AM	63	0	0	0	-0.2	-0.1	0	0
29/11/2020 11:33:53 AM	63	0	0	0	-0.2	-0.1	0	0
29/11/2020 11:33:53 AM	63	0	0	0	-0.1	-0.1	0	0
29/11/2020 11:33:53 AM	63	0	0	0	-0.2	-0.1	0	0
29/11/2020 11:33:53 AM	62.9	0	0	-0.1	-0.1	-0.2	0	0
29/11/2020 11:33:53 AM	63	0	0	-0.1	-0.2	-0.1	0	0
29/11/2020 11:33:53 AM	63	0	0	-0.1	-0.2	-0.1	0	0
29/11/2020 11:33:53 AM	63	0	0	-0.1	-0.2	-0.2	0	0
29/11/2020 11:33:53 AM	63	0	0	-0.1	-0.1	-0.2	0.1	0
29/11/2020 11:33:54 AM	63	0	0	-0.1	-0.2	-0.2	0	0
29/11/2020 11:33:54 AM	63	0	0	-0.1	-0.2	-0.1	0	0
29/11/2020 11:33:54 AM	63	0	0	-0.1	-0.2	-0.1	0	0
29/11/2020 11:33:59 AM	63	0	0	-0.1	-0.1	-0.2	0	0
29/11/2020 11:33:59 AM	63.1	0	0	0.2	0	-0.1	0.1	0
29/11/2020 11:33:59 AM	63.1	0	0	0.2	0	-0.1	0.1	0
29/11/2020 11:33:59 AM	63.1	0	0	0.2	0	-0.1	0	0
29/11/2020 11:33:59 AM	63.1	0	0	0.2	0	-0.1	0.1	0
29/11/2020 11:33:59 AM	63.1	0	0	0.2	0	-0.1	0.1	0
29/11/2020 11:33:59 AM	63.1	0	0	0.2	0	-0.1	0.1	0
29/11/2020 11:34:00 AM	63.1	0	0	0.2	0	-0.1	0.1	0
29/11/2020 11:34:00 AM	63.1	0	0	0.2	0	0	0	0
29/11/2020 11:34:00 AM	63.1	0	0	0.2	0	-0.1	0.1	0
29/11/2020 11:34:00 AM	63.1	0	0	0.2	0	-0.1	0.1	0
29/11/2020 11:34:00 AM	63.1	0	0	0.2	0	-0.1	0.1	0
29/11/2020 11:34:00 AM	63.2	0	0	0.2	0	-0.1	0.1	0
29/11/2020 11:34:00 AM	63.1	0	0	0.2	0	-0.1	0.1	4
29/11/2020 11:34:00 AM	63.1	0	0	0.2	0	-0.1	0.1	-5
29/11/2020 11:34:01 AM	63.2	0	0	0.2	0	-0.1	0.1	0
29/11/2020 11:34:01 AM	63.2	0	0	0.2	0	0	0.1	0
29/11/2020 11:34:01 AM	63.2	0	0	0.2	0	-0.1	0.1	0
29/11/2020 11:34:01 AM	63.1	0	0	0.2	0	-0.1	0.1	0
29/11/2020 11:34:01 AM	63.2	0	0	0	0.1	-0.2	0	0
29/11/2020 11:34:01 AM	63.2	0	0	-0.2	0	-0.1	-0.1	0
29/11/2020 11:34:02 AM	63.2	0	0	-0.2	0	-0.1	-0.1	0
29/11/2020 11:34:02 AM	63.2	0	0	-0.2	0	0	-0.1	0
29/11/2020 11:34:02 AM	63.2	0	0	-0.2	-0.2	-0.1	-0.1	0
29/11/2020 11:34:02 AM	63.2	0	0	0	0.1	-0.1	-0.1	0
29/11/2020 11:34:02 AM	63.2	0	0	1	1.3	-0.1	-0.1	-4
29/11/2020 11:34:02 AM	63.2	0	0	-0.1	-0.1	-0.1	-0.1	0
29/11/2020 11:34:02 AM	63.2	0	0	-0.2	-0.2	-0.1	-0.1	0
29/11/2020 11:34:02 AM	63.2	0	0	0.4	0.4	-0.2	-0.1	0
29/11/2020 11:34:03 AM	63.2	0	0	0	0.1	-0.1	-0.1	-4
29/11/2020 11:34:03 AM	63.2	0	0	-0.1	0	-0.1	-0.1	0
29/11/2020 11:34:03 AM	63.2	0	0	0	0.1	-0.1	-0.1	0
29/11/2020 11:34:03 AM	63.2	0	0	0	0	-0.2	-0.1	0
29/11/2020 11:34:03 AM	63.2	0	0	0	0	-0.1	-0.1	0
29/11/2020 11:34:03 AM	63.2	0	0	0	0	-0.1	-0.1	0
29/11/2020 11:34:03 AM	63.2	0	0	0.1	0.2	-0.1	-0.1	-4
29/11/2020 11:34:03 AM	63.2	0	0	0	0	-0.1	-0.1	-4
29/11/2020 11:34:04 AM	63.2	0	0	0	0.1	-0.1	-0.2	0
29/11/2020 11:34:04 AM	63.3	0	0	0	0	-0.1	-0.1	0
29/11/2020 11:34:04 AM	63.3	0	0	0	0	-0.1	-0.1	0
29/11/2020 11:34:04 AM	63.2	0	0	0	0	-0.1	-0.1	0
29/11/2020 11:34:04 AM	63.2	0	0	0	0	-0.1	-0.1	0
29/11/2020 11:34:04 AM	63.3	0	0	-0.1	0	-0.1	-0.1	0
29/11/2020 11:34:04 AM	63.3	0	0	0	0	-0.2	-0.1	0
29/11/2020 11:34:05 AM	63.2	0	0	0	0	-0.2	0	0
29/11/2020 11:34:05 AM	63.3	0	0	0	0	-0.1	-0.1	0
29/11/2020 11:34:05 AM	63.3	0	0	0.2	0.3	-0.2	-0.1	0
29/11/2020 11:34:05 AM	63.3	0	0	0	-0.1	-0.1	-0.1	0
29/11/2020 11:34:05 AM	63.3	0	0	0	0	0	-0.1	0
29/11/2020 11:34:05 AM	63.3	0	0	0	0.2	-0.2	-0.1	0
29/11/2020 11:34:05 AM	63.3	0	0	0	0	-0.1	-0.2	0
29/11/2020 11:34:05 AM	63.4	0	0	0	0	-0.2	-0.1	0
